station: [0,0]
kitchen: [-1.1724 ,2.3408]
customer1: [-3.60909,-0.09575]
customer2: [-2.9145, 1.6521]
