free_thresh: 0.196
image: first.png
negate: 0
occupied_thresh: 0.65
origin: [-4.599999999999999, -9.049999999999999, 0.0]
resolution: 0.05
