free_thresh: 0.196
image: cm_new.pgm
negate: 0
occupied_thresh: 0.65
origin: [-6.299999999999999, -2.9499999999999993, 0.0]
resolution: 0.05
