free_thresh: 0.196
image: controlroom.pgm
negate: 0
occupied_thresh: 0.65
origin: [-5.799999999999999, -2.8000000000000007, 0.0]
resolution: 0.05
